1 2
1 3
1 4
1 5
1 6
2 113
2 114
2 115
2 116
2 117
3 14
3 139
3 255
3 283
3 319
3 487
3 530
3 642
3 816
3 823
3 1031
3 1082
3 1374
3 1406
3 1425
3 1435
3 1436
3 1437
3 1438
4 1448
5 664
5 801
5 1134
5 1591
6 1337
113 26
113 647
114 725
114 777
114 1305
114 1531
115 58
139 16
255 256
255 257
319 318
319 505
319 507
319 749
487 136
487 488
530 430
642 640
642 1231
642 1288
816 334
816 335
816 818
1031 529
1031 681
1031 830
1031 1547
1082 167
1082 232
1374 26
1406 60
1406 252
1406 315
1406 316
1435 257
1435 845
1435 1252
1435 1625
1435 1626
1437 505
1437 1053
1437 1523
1437 1677
1437 1678
1448 1271
1448 1447
1448 1588
1448 1589
664 292
664 1192
664 1716
801 800
801 1487
1134 658
1134 1133
1134 1277
1134 1297
1134 1591
1134 1597
1591 832
1337 972
7 8
7 9
7 10
8 10
8 658
9 660
9 831
658 1788
660 558
660 659
660 1111
660 1430
831 832
831 833
11 12
11 13
12 13
12 119
13 119
13 219
13 711
119 118
119 128
119 442
119 686
119 687
219 76
711 672
711 710
15 16
15 17
16 135
16 136
16 137
16 138
16 140
16 141
16 142
16 143
16 144
16 145
16 146
16 147
16 148
16 149
16 150
16 151
16 152
16 153
16 154
16 155
16 156
16 157
16 158
17 185
17 428
17 1275
17 1450
17 1511
17 1590
135 58
135 463
137 802
138 1059
138 1524
141 320
141 322
141 364
142 21
142 411
142 825
142 1216
142 1540
142 1657
143 1102
144 401
144 893
145 78
145 1022
145 1736
146 1747
147 79
147 1013
148 1567
154 1736
185 133
185 953
428 62
428 112
428 427
428 769
428 1204
1450 1451
1511 270
18 19
19 47
19 91
19 193
19 210
19 244
19 338
19 393
19 475
19 476
19 779
19 1106
19 1107
19 1108
19 1109
19 1110
19 1111
19 1112
19 1113
47 41
47 46
47 52
47 91
47 103
47 178
47 338
47 339
47 340
47 341
47 342
91 88
91 90
91 244
91 779
91 1105
91 1108
91 1386
91 1711
193 192
193 926
210 209
210 421
244 65
244 79
244 242
244 243
244 409
244 475
244 929
244 930
244 931
244 932
393 394
393 395
393 396
475 476
475 477
475 478
476 1110
476 1112
476 1681
1106 60
1108 1110
1109 1111
1109 1148
1110 1581
1111 50
1111 179
1111 661
1111 1112
1111 1413
1112 67
1112 1318
1112 1430
20 21
20 22
20 23
22 23
22 794
22 1233
22 1234
794 474
794 810
794 917
794 918
1233 169
24 25
24 26
24 27
25 122
25 359
25 1408
26 30
26 59
26 78
26 82
26 112
26 199
26 354
26 374
26 389
26 400
26 408
26 431
26 490
26 570
26 592
26 647
26 750
26 803
26 862
26 878
26 923
26 969
26 1051
26 1202
26 1301
26 1345
26 1348
26 1353
26 1355
26 1362
26 1388
26 1421
26 1516
26 1622
26 1623
27 411
122 118
122 124
122 646
1408 608
1408 1421
1408 1609
30 28
30 592
30 1076
30 1125
30 1184
30 1202
30 1267
30 1268
59 57
59 90
59 347
59 754
59 1105
59 1175
59 1210
59 1211
59 1212
59 1213
59 1214
59 1215
59 1216
59 1217
78 77
78 107
78 232
78 260
78 312
78 412
78 473
78 686
78 723
78 724
78 810
78 826
78 969
78 1120
78 1222
78 1327
78 1375
78 1388
78 1389
78 1486
78 1508
78 1596
78 1598
78 1601
78 1631
78 1632
78 1633
82 81
82 169
82 170
82 354
82 355
82 356
82 357
82 358
112 111
112 343
112 558
112 900
199 29
199 196
199 378
199 725
199 943
199 1126
374 285
374 375
374 376
374 377
374 378
400 58
400 572
400 721
400 722
408 58
408 202
431 432
431 433
431 434
490 489
592 31
592 181
592 774
592 899
592 900
750 749
750 1302
750 1303
862 124
862 335
862 355
862 863
862 864
862 865
862 866
923 412
969 838
969 955
969 1647
1051 1049
1202 409
1202 1201
1202 1293
1202 1352
1348 1349
1353 80
1353 681
1353 766
1353 1058
1353 1472
1388 285
1421 1422
1421 1423
1516 1515
411 58
411 349
411 754
411 1022
28 29
28 31
29 1126
31 774
1126 1125
1126 1458
1125 943
1125 1054
1184 787
1184 928
1184 965
1184 1183
1184 1225
1184 1710
1184 1722
1268 774
1268 1340
774 773
774 840
774 1700
32 33
33 799
799 1278
36 37
36 38
36 39
36 40
36 41
36 42
36 43
36 44
36 45
37 44
37 105
37 277
37 278
37 280
37 298
37 299
37 300
37 301
37 302
37 303
37 304
37 305
37 306
37 307
37 308
37 309
38 304
38 307
38 442
38 650
38 651
38 652
38 653
38 654
38 655
38 656
38 657
40 331
40 690
40 740
40 1282
41 46
42 257
45 1754
105 101
105 684
105 1200
277 278
277 279
277 280
277 281
277 282
298 649
298 1035
298 1036
299 1100
300 649
305 775
305 842
306 1604
307 1525
309 775
309 1153
442 441
442 449
442 497
442 512
442 513
442 514
442 515
442 516
442 517
650 740
651 285
651 652
651 656
651 784
651 908
651 909
651 910
651 911
651 912
651 913
651 914
651 915
651 916
656 207
656 1334
656 1342
656 1428
656 1454
656 1611
656 1612
331 330
331 838
331 1223
331 1224
331 1225
331 1226
331 1227
690 164
690 477
690 681
690 689
690 838
690 1238
740 505
740 838
740 1136
740 1230
740 1245
740 1266
740 1485
740 1509
1282 1281
46 48
46 49
46 50
46 51
46 52
46 53
46 54
46 55
46 56
257 757
257 956
257 1295
257 1366
257 1424
257 1546
257 1584
257 1585
48 51
48 103
48 716
48 879
48 880
49 558
50 178
50 402
50 405
50 558
50 659
51 103
51 879
51 1396
51 1717
52 65
56 1204
103 101
103 102
103 106
103 684
178 179
339 167
340 58
341 1692
879 1496
558 223
558 402
558 404
558 405
558 661
558 757
558 852
558 854
558 1179
558 1431
558 1578
558 1676
558 1734
558 1735
402 58
402 179
402 405
402 464
402 477
402 757
402 894
402 895
402 896
402 897
402 898
405 58
405 179
405 464
405 477
405 757
405 895
405 897
405 898
659 661
65 63
65 80
65 272
65 562
65 913
65 1318
65 1600
65 1668
1204 1823
1204 1824
1204 1825
57 58
57 60
57 61
57 62
58 106
58 221
58 261
58 321
58 399
58 401
58 403
58 404
58 406
58 407
58 409
58 410
58 412
58 413
58 414
58 415
58 416
58 417
58 418
58 419
58 420
60 77
60 165
60 251
60 258
60 260
60 263
60 484
60 506
60 546
60 842
60 988
60 992
60 1079
60 1084
60 1094
60 1141
60 1283
60 1397
60 1398
60 1399
60 1400
60 1401
60 1402
60 1403
60 1404
60 1405
62 77
62 464
62 845
62 1058
62 1776
106 101
106 684
106 685
221 220
221 436
261 259
321 320
321 951
321 952
321 953
399 440
401 336
401 893
403 254
403 281
404 79
404 556
404 769
406 351
406 1030
407 270
407 409
407 1518
409 1155
410 198
410 863
410 864
412 126
412 1701
412 1709
413 79
420 1829
90 88
347 348
347 349
347 350
347 351
754 350
754 753
754 755
754 1191
1105 349
1105 350
1212 842
1214 350
1214 1191
1216 1580
1216 1614
77 79
77 80
251 252
260 259
260 737
260 769
260 770
263 259
506 430
506 507
506 508
546 254
842 840
842 1694
988 960
988 987
992 375
992 686
992 775
992 838
992 1054
1079 252
1084 232
1094 1095
1094 1096
1403 709
464 179
464 270
464 465
464 466
464 467
464 468
464 469
464 470
464 471
464 472
845 843
1058 925
1058 1149
1058 1150
1058 1151
1058 1152
1058 1187
1058 1705
63 64
80 1023
80 1093
80 1191
80 1383
80 1826
80 1827
272 273
272 274
562 559
562 1389
913 1624
1318 477
1318 478
1318 1316
1600 900
1600 1724
1600 1725
66 67
75 76
76 164
76 213
76 216
76 217
76 218
76 438
76 563
76 780
76 829
76 950
76 1067
76 1068
76 1069
164 162
164 435
213 214
213 215
213 216
213 217
213 218
217 822
438 437
780 775
829 830
950 281
1068 79
1068 1434
79 88
79 89
79 92
79 284
79 478
79 1032
79 1145
79 1316
79 1412
79 1638
79 1764
79 1765
79 1766
79 1767
79 1768
107 101
107 104
107 684
107 972
232 176
232 231
232 376
232 474
232 531
232 681
232 1081
232 1083
232 1085
232 1086
312 313
473 474
686 124
686 285
686 993
723 649
723 724
723 725
724 270
724 368
724 649
724 725
810 806
810 811
826 824
1120 1118
1120 1119
1120 1121
1120 1122
1120 1646
1222 368
1389 285
1596 725
1596 1595
1596 1610
1598 1599
1601 270
1601 900
1631 270
1631 725
88 89
88 92
88 93
88 94
89 929
92 894
284 285
478 854
478 1665
1032 725
1032 851
1145 375
1145 1769
1316 381
1316 1317
1412 1322
1638 179
1764 1664
1023 1022
1093 986
1093 1664
1191 1387
1191 1828
1383 1384
1383 1385
81 83
169 168
169 170
169 1363
169 1364
170 168
355 98
356 357
356 900
86 87
87 267
87 268
87 269
87 747
267 268
267 269
267 270
268 181
268 269
929 1010
1386 894
1386 1387
97 98
101 102
101 104
102 684
102 685
104 684
104 971
104 972
684 972
684 1244
685 1324
685 1429
685 1465
343 344
343 345
343 346
900 1035
900 1602
900 1603
725 207
725 796
725 902
725 1445
777 776
777 1510
777 1666
777 1690
118 120
118 121
118 123
118 124
118 125
118 126
118 127
118 128
118 129
120 124
120 925
121 124
121 127
123 925
123 1469
124 125
124 127
124 128
124 129
124 190
124 241
124 461
124 529
124 887
124 925
124 993
124 1057
124 1171
124 1198
124 1325
124 1326
124 1432
124 1480
124 1481
124 1482
124 1483
125 128
125 236
125 903
125 925
127 925
128 227
128 925
128 993
129 925
687 1359
925 1057
241 239
241 252
241 1171
241 1249
241 1377
461 212
529 167
529 254
529 430
529 956
1326 281
903 645
903 904
903 905
227 225
227 837
227 838
227 839
132 133
132 134
133 183
133 184
134 734
134 763
183 390
463 430
1059 368
1059 508
1059 1242
1059 1243
825 349
825 824
825 1309
825 1507
825 1577
893 457
893 1697
1022 1024
1022 1025
1022 1026
1022 1027
1022 1028
1022 1029
1747 1026
1747 1732
1747 1748
1013 375
1013 997
1013 1449
1013 1549
1013 1615
1013 1792
1013 1793
1567 1565
1567 1566
1567 1680
162 163
166 167
167 182
167 254
167 430
167 462
167 722
167 809
167 1474
167 1475
167 1476
254 253
254 271
254 430
254 534
254 535
254 536
254 537
254 538
254 539
254 540
254 541
254 542
254 543
254 544
254 545
430 429
430 524
430 525
430 526
430 527
430 528
430 531
430 532
171 172
171 173
171 174
171 175
171 176
171 177
172 173
172 174
172 175
172 176
172 177
173 174
173 175
173 177
174 175
174 176
174 177
174 769
175 176
175 177
175 1230
176 556
556 223
556 748
556 1044
556 1045
556 1046
556 1047
556 1048
179 188
179 477
179 497
179 604
179 854
179 897
179 968
179 1639
188 189
477 200
477 604
477 757
477 896
477 1691
477 1692
497 496
604 181
854 757
854 852
897 1170
968 955
180 181
181 191
181 195
181 291
181 297
181 424
181 455
181 533
181 588
181 589
181 590
181 591
181 593
181 594
181 595
181 596
181 597
181 598
181 599
181 600
181 601
181 602
181 603
181 605
181 606
181 607
181 608
181 609
181 610
181 611
181 612
181 613
181 614
181 615
181 616
181 617
181 618
181 619
181 620
181 621
181 622
181 623
181 624
181 625
181 626
181 627
181 628
181 629
181 630
181 631
181 632
181 633
181 634
291 292
291 293
291 294
291 295
297 296
590 867
598 1135
602 1328
608 1328
610 761
186 187
187 1149
1149 1026
1149 1150
1149 1151
1149 1152
1149 1153
192 194
194 1512
196 197
196 198
196 200
196 201
196 202
196 203
197 1166
198 377
198 381
202 1699
1166 1769
377 708
377 1089
377 1543
377 1544
381 379
381 815
378 334
378 336
378 337
378 815
943 552
206 207
206 208
211 212
212 668
212 933
212 1205
212 1257
212 1258
212 1259
212 1260
212 1261
668 667
668 758
668 759
933 661
1258 1537
1260 877
1260 1542
822 672
822 1760
822 1761
822 1762
822 1763
222 223
222 224
223 507
223 557
224 1278
507 796
1278 396
1278 1340
1278 1523
1278 1548
1278 1549
1278 1550
1278 1551
1278 1552
1278 1553
1278 1554
1278 1555
1278 1556
1278 1557
1278 1558
1278 1559
1278 1560
225 226
225 228
837 423
837 955
838 846
838 1164
838 1165
839 1117
839 1359
839 1607
376 906
376 983
376 1252
376 1410
376 1411
474 648
474 795
681 273
681 673
681 1426
233 234
233 235
234 1349
239 240
252 1157
252 1579
1249 1250
242 243
930 423
245 246
245 247
245 248
245 249
245 250
246 921
246 922
248 270
921 922
921 1365
922 1365
270 764
270 781
270 945
270 1025
270 1123
270 1468
270 1757
270 1777
270 1778
270 1779
270 1780
270 1781
270 1782
270 1783
270 1784
1157 315
1157 1158
538 1030
539 975
539 1030
539 1276
543 1017
543 1506
543 1648
545 682
545 983
256 998
998 996
998 1077
757 756
757 1343
757 1344
956 954
956 1020
956 1021
259 262
259 264
770 1117
770 1442
770 1732
770 1733
764 765
764 766
781 552
781 782
781 783
945 552
945 1545
1025 1692
1123 1119
1123 1122
1123 1646
1468 1467
273 679
273 680
273 682
679 1155
279 567
281 963
281 1055
281 1698
282 1842
567 564
567 744
567 957
567 1033
567 1097
567 1098
963 962
963 1034
963 1645
1055 1056
285 1390
285 1391
285 1392
285 1393
285 1394
285 1395
1391 1441
1391 1442
1392 1775
292 665
292 666
293 1099
294 666
665 333
665 1140
665 1729
665 1730
665 1731
1099 833
1099 1586
649 648
649 691
649 1117
649 1180
649 1221
649 1333
649 1728
1035 448
775 472
775 637
775 773
775 830
775 1454
775 1750
775 1751
775 1752
1604 1155
1525 1526
1525 1527
310 311
311 934
311 935
311 1246
934 935
935 830
313 336
313 371
313 1837
336 332
336 334
336 335
336 584
336 815
336 989
336 990
336 991
371 372
371 373
314 315
314 316
315 316
315 1520
315 1521
315 1522
316 683
316 688
316 1014
316 1420
316 1477
316 1490
316 1509
316 1521
316 1522
316 1582
505 426
505 491
505 498
505 709
505 840
505 1117
505 1311
505 1607
749 751
1225 1359
332 333
332 334
332 335
332 337
333 708
333 806
333 807
333 808
334 335
334 812
334 813
334 814
334 815
334 817
334 818
334 819
334 820
335 689
335 813
335 817
335 960
335 961
337 813
337 815
708 707
708 964
812 892
813 961
813 1072
813 1073
813 1074
813 1075
817 820
817 960
961 999
584 585
1692 1712
1692 1744
1692 1745
344 346
345 346
348 635
348 636
348 637
349 1104
350 1341
636 1040
636 1354
352 353
353 936
353 937
353 938
938 999
938 1720
938 1721
367 368
368 522
368 720
368 766
368 828
368 947
368 983
368 1039
368 1124
368 1147
368 1304
368 1606
368 1629
368 1661
368 1682
368 1683
368 1684
368 1685
522 523
828 698
828 699
947 552
983 982
983 1454
983 1529
983 1530
1147 886
372 373
375 997
375 1015
375 1146
997 996
997 1012
1015 398
1015 733
1015 1016
906 907
1252 695
1252 1411
1252 1665
1543 426
379 380
382 383
382 384
383 384
384 856
384 857
856 855
856 857
856 859
856 860
856 1834
857 858
857 859
857 860
857 861
391 392
392 728
392 855
392 984
392 1545
728 729
396 1024
396 1774
397 398
398 1103
398 1634
398 1635
440 1006
572 571
721 1367
895 1070
895 1274
895 1644
896 661
896 1310
896 1473
1030 830
1030 863
1030 1078
1155 1154
863 864
422 423
423 706
423 954
423 955
423 967
423 1176
423 1177
423 1178
954 955
955 967
955 970
425 426
426 439
426 1040
426 1541
426 1654
447 448
448 1605
448 1662
456 457
457 949
470 1352
470 1356
470 1357
470 1358
471 1636
471 1637
472 695
695 694
695 1092
695 1190
1665 1615
489 491
498 499
498 500
498 501
498 502
498 503
498 504
500 1144
504 1461
1461 1459
709 707
709 1739
840 841
1117 1116
1117 1686
796 797
796 798
518 519
519 1313
519 1378
519 1379
1313 1312
1313 1368
523 743
523 1407
523 1488
523 1489
743 741
743 1407
975 973
975 1276
1017 1018
551 552
552 939
552 940
552 941
552 942
552 944
552 946
1046 1663
1046 1664
661 1613
852 853
559 560
559 561
564 565
564 566
564 568
564 569
957 958
957 959
1098 1529
1098 1723
573 574
574 752
752 1624
752 1771
752 1772
577 578
578 1054
1054 1457
867 948
899 1513
1135 1615
1135 1789
1135 1790
1135 1791
1328 835
1328 1497
761 760
761 1080
640 641
643 644
643 645
644 1251
912 1615
912 1616
912 1617
912 1618
915 917
915 1573
1428 1429
1192 1193
1192 1194
1192 1195
1192 1196
1192 1197
1140 1137
671 672
671 673
672 821
673 834
673 835
673 836
834 1336
835 733
836 1773
676 677
676 678
677 1072
677 1187
1072 1075
1187 1186
1187 1232
1244 1000
1324 1321
1324 1464
1429 1745
1429 1811
1429 1812
1429 1813
1429 1814
1429 1815
1429 1816
1429 1817
1429 1818
1465 1464
694 696
1092 986
1190 1189
697 698
697 699
964 965
964 966
902 901
729 1173
729 1494
729 1548
1173 1172
1494 1495
732 733
733 1161
733 1162
733 1163
741 742
1303 1466
753 755
760 762
765 1052
765 1053
1442 1441
1732 1749
1733 1808
1733 1809
1733 1810
1752 1753
785 786
785 787
785 788
785 789
785 790
785 791
786 787
786 870
786 871
787 870
787 871
787 1185
870 871
1487 1514
1073 1199
1073 1433
824 827
833 1130
833 1472
1164 1165
841 1498
843 844
850 851
851 1271
851 1272
1271 1655
876 877
885 886
1170 1169
1170 1746
1615 1687
1615 1688
927 928
1010 1009
999 996
1721 1824
958 959
959 1673
965 1329
965 1330
965 1331
965 1332
1331 1843
973 974
985 986
996 1000
996 1001
996 1002
1001 1449
1449 1254
1003 1004
1003 1005
1004 1350
1004 1351
1350 1254
1792 1687
1018 1373
1663 1689
1664 1787
1049 1050
1457 1456
1056 1368
1150 1151
1150 1152
1151 1152
1095 1096
1095 1382
1096 1382
1118 1119
1118 1121
1297 1296
1137 1138
1137 1139
1769 1770
1172 1174
1181 1182
1182 1656
1656 1655
1656 1704
1656 1794
1656 1795
1656 1796
1253 1254
1317 1491
1491 1492
1491 1493
1321 1322
1321 1323
1323 1536
1843 1855
1843 1856
1609 1562
1609 1797
1609 1798
1609 1799
1609 1800
1609 1801
1609 1802
1609 1803
1609 1804
1609 1805
1609 1806
1609 1807
1459 1460
1460 1471
1471 1630
1515 1517
1561 1562
1565 1566
1565 1568
1566 1568
1568 1708
1687 1819
